pose0: [0.3, 0.0, 0.55, 2.356, -0.7854, 0.0]
pose1: [0.3, 0.0, 0.55, 2.356, -0.7854, 1.571]
pose2: [0.3, 0.0, 0.55, 2.356, -0.7854, 3.142]
pose3: [0.3, 0.0, 0.55, 2.356, -0.7854, 4.712]
pose4: [0.3, 0.0, 0.55, 2.356, 0.0, 0.0]
pose5: [0.3, 0.0, 0.55, 2.356, 0.0, 1.571]
pose6: [0.3, 0.0, 0.55, 2.356, 0.0, 3.142]
pose7: [0.3, 0.0, 0.55, 2.356, 0.0, 4.712]
pose8: [0.3, 0.0, 0.55, 2.356, 0.7854, 0.0]
pose9: [0.3, 0.0, 0.55, 2.356, 0.7854, 1.571]
pose10: [0.3, 0.0, 0.55, 2.356, 0.7854, 3.142]
pose11: [0.3, 0.0, 0.55, 2.356, 0.7854, 4.712]
pose12: [0.3, 0.0, 0.55, 3.142, -0.7854, 0.0]
pose13: [0.3, 0.0, 0.55, 3.142, -0.7854, 1.571]
pose14: [0.3, 0.0, 0.55, 3.142, -0.7854, 3.142]
pose15: [0.3, 0.0, 0.55, 3.142, -0.7854, 4.712]
pose16: [0.3, 0.0, 0.55, 3.142, 0.0, 0.0]
pose17: [0.3, 0.0, 0.55, 3.142, 0.0, 1.571]
pose18: [0.3, 0.0, 0.55, 3.142, 0.0, 3.142]
pose19: [0.3, 0.0, 0.55, 3.142, 0.0, 4.712]
pose20: [0.3, 0.0, 0.55, 3.142, 0.7854, 0.0]
pose21: [0.3, 0.0, 0.55, 3.142, 0.7854, 1.571]
pose22: [0.3, 0.0, 0.55, 3.142, 0.7854, 3.142]
pose23: [0.3, 0.0, 0.55, 3.142, 0.7854, 4.712]
pose24: [0.3, 0.0, 0.55, 3.927, -0.7854, 0.0]
pose25: [0.3, 0.0, 0.55, 3.927, -0.7854, 1.571]
pose26: [0.3, 0.0, 0.55, 3.927, -0.7854, 3.142]
pose27: [0.3, 0.0, 0.55, 3.927, -0.7854, 4.712]
pose28: [0.3, 0.0, 0.55, 3.927, 0.0, 0.0]
pose29: [0.3, 0.0, 0.55, 3.927, 0.0, 1.571]
pose30: [0.3, 0.0, 0.55, 3.927, 0.0, 3.142]
pose31: [0.3, 0.0, 0.55, 3.927, 0.0, 4.712]
pose32: [0.3, 0.0, 0.55, 3.927, 0.7854, 0.0]
pose33: [0.3, 0.0, 0.55, 3.927, 0.7854, 1.571]
pose34: [0.3, 0.0, 0.55, 3.927, 0.7854, 3.142]
pose35: [0.3, 0.0, 0.55, 3.927, 0.7854, 4.712]
